    10       1.000000
       0.000000       0.000000       0.000000
       0.467209       0.798596       0.985847       0.517596
       0.303932       0.693926       0.627795       0.000275
       0.448720       0.765532       0.589708       0.346431
       0.930652       0.031255       0.468209       0.199000
       0.138002       0.456879       0.513759       1.000000
       0.961921       0.793872       0.292495       0.999092
    -2    -2       7.400001       7.400001    -2    -2       7.400001       7.400001    -2     0       4.573243       7.400001     0     1       7.400001       2.657918    -2    -2      -2.500000       7.400001     0    -2       7.400001       1.928280    -2     0       7.400001       7.400001    -2    -2       4.319097       7.400001    -2    -2       3.566281       7.400001    -2    -2       4.325347      -2.500000
     0    -2       7.400001       5.200102    -2    -2      -2.500000       7.400001    -2     0       3.539519       7.400001     1    -1       2.749925       1.929407    -2    -2       1.911201       7.400001    -2     0       0.656318       7.400001    -2    -2       2.966862      -2.500000     0    -2       7.400001       5.122234     0    -2       7.400001       5.918673    -2    -2       7.400001      -2.500000
    -2    -2      -2.500000       7.400001    -2    -2      -2.500000       7.400001     2    -1       2.078498       3.201322    -2    -2       0.784199       7.400001    -2    -2      -2.500000       7.400001     0     1       7.400001       2.592725     2     3       2.769745       2.786719    -2    -2      -2.500000       7.400001    -1    -2       0.646758       3.657982     0     1       7.400001       2.558998
    -2     0       7.400001       7.400001    -2     0       7.400001       7.400001     0    -2       7.400001       4.029150    -2     0       0.436324       7.400001    -1    -2       0.878248       0.754805    -2    -2       1.289908      -2.500000     0    -2       7.400001       3.585620     0     1       7.400001       2.555980    -2    -2       1.740450      -2.500000    -2     0       0.985136       7.400001
    -2    -2       7.400001       7.400001    -2    -2       7.400001       7.400001    -2     0       4.182843       7.400001     0    -2       7.400001       1.735777     0    -2       7.400001       4.250145    -2    -2      -2.500000      -2.500000    -2    -2       7.400001      -2.500000    -1    -2       3.639651       4.338148    -2     0       3.128651       7.400001    -2    -2       7.400001      -2.500000
     0    -2       7.400001       5.176895    -2    -2      -2.500000       7.400001    -2     0       7.400001       7.400001     5    -1       2.676840       3.063091    -2    -2      -2.500000       7.400001    -2    -2      -2.500000       7.400001    -2    -2       7.400001      -2.500000    -2    -2      -2.500000       7.400001    -2    -2      -2.500000       7.400001     0    -2       7.400001       1.885575
    -2    -2       7.400001       7.400001     0    -2       7.400001       4.931847    -2     0       4.643924       7.400001    -2    -2       1.623938       7.400001    -2    -2      -2.500000       7.400001    -2    -2       7.400001       7.400001    -2     0       5.377578       7.400001     0    -2       7.400001       4.959186    -2    -2       1.700106       7.400001     0    -2       7.400001       3.394361
     0    -2       7.400001       4.317906     0    -2       7.400001       3.180882    -2    -2       7.400001      -2.500000    -2    -2      -2.500000      -2.500000    -2     0       1.745369       7.400001    -2    -2       3.437354      -2.500000    -2    -2       4.553112      -2.500000    -2    -2       3.128053       7.400001     0    -2       7.400001       4.233481    -2     0       7.400001       7.400001
     0    -2       7.400001       4.006671    -2    -2      -2.500000       7.400001    -2     0       7.400001       7.400001     0     1       7.400001       2.325130     0    -2       7.400001       3.076385    -2     0       2.919951       7.400001    -2     0       7.400001       7.400001    -2    -2      -2.500000       7.400001    -2     0       3.277954       7.400001    -2    -2       7.400001      -2.500000
    -2    -2      -2.500000      -2.500000    -2     0      -2.500000       7.400001    -2     0       7.400001       7.400001    -2     0      -2.500000       7.400001    -2     0      -2.500000       7.400001    -2    -2       1.553987       7.400001    -2     0       7.400001       7.400001    -2    -2      -2.500000       7.400001     0     1       7.400001       2.110561    -2    -2       7.400001      -2.500000
    -2    -2       6.476132      -2.500000     0    -2       7.400001       6.172159    -2    -2       3.635052       7.400001    -2    -2       4.220470      -2.500000    -1    -2       3.188992       1.346610    -2    -2       3.911384       7.400001    -2     0       7.400001       7.400001    -2    -2       7.400001       7.400001     0    -2       7.400001       4.198956    -2     0       7.400001       7.400001
    -2    -2       7.400001      -2.500000    -2    -2      -2.500000       7.400001    -2    -2       7.400001       7.400001    -1    -2       4.607573       1.358883    -2    -2      -2.500000       7.400001    -2    -2       0.484889       7.400001    -2    -2       4.853435      -2.500000    -2     0       3.200875       7.400001     0    -2       7.400001       4.225416    -2    -2       7.400001      -2.500000
    -2    -2      -2.500000       7.400001    -2    -2      -2.500000      -2.500000    -2     0       1.933742       7.400001    -2    -2      -2.500000       7.400001    -2    -2       0.009232       7.400001    -2    -2      -2.500000       7.400001    -2    -2       3.043091       7.400001    -2    -2      -2.500000       7.400001    -2    -2      -2.500000       7.400001    -2    -2      -2.500000       7.400001
    -1    -2       4.373300       4.079963    -2    -2       7.400001       7.400001    -2    -2       7.400001       7.400001    -2    -2      -2.500000      -2.500000    -2     0       7.400001       7.400001     1    -1       2.693221       5.252219    -2    -2       2.901756       7.400001     0    -2       7.400001       3.160153     0    -2       7.400001       2.953571     0    -2       7.400001       4.328409
    -2    -2       7.413157      -2.500000    -1    -2       4.153692       5.478451    -1    -2       5.328497       4.200628    -2    -2       7.400001      -2.500000    -2    -2       7.400001      -2.500000     0    -2       7.400001       4.966505    -2    -2       6.047184      -2.500000    -2     0       5.795015       7.400001     0     1       7.400001       2.819912    -1     0       4.018191       2.271012
     1     2       2.696325       2.424776    -2     0       3.599178       7.400001    -2    -2       4.080337       7.400001     0    -2       7.400001       4.217402     0    -2       7.400001       3.563062     0    -2       7.400001       3.325584    -2     0       7.400001       7.400001    -2    -2       7.400001       7.400001    -2     0      -2.500000       7.400001    -2    -2      -2.500000       7.400001
    -2    -2      -2.500000       7.400001     0    -2       7.400001       3.129306    -2    -2       1.598219      -2.500000    -2     0      -2.500000       7.400001    -2    -2      -2.500000      -2.500000     1    -1       2.078990       4.256798    -2    -2      -2.500000       7.400001    -2    -2       2.913132       7.400001    -2    -2       1.732356      -2.500000     0    -2       7.400001       4.263470
    -2    -2       7.400001      -2.500000     0    -2       7.400001       3.802517    -2    -2       7.400001      -2.500000    -2    -2       7.400001      -2.500000    -2    -2       7.400001      -2.500000     0    -2       7.400001       1.924453    -2    -2       7.400001      -2.500000    -2    -2       5.074321       7.400001     1    -1       2.446529       2.922207    -2    -2       3.577651      -2.500000
    -2    -2       2.978596       7.400001     0    -2       7.400001       1.162391    -2    -2       7.400001       7.400001    -2    -2       7.400001       7.400001     0     1       7.400001       2.736570     0     1       7.400001       2.807334    -2     0       7.400001       7.400001    -2    -2       7.400001       7.400001     0    -1       2.812124       4.449073    -2    -2       7.400001       7.400001
    -2    -2       3.638004       7.400001     0    -2       7.400001       3.026830    -2    -2      -2.500000       7.400001    -2    -2       1.087699       7.400001     0    -2       7.400001       3.136841     0    -2       7.400001       5.573213    -2    -2       3.165967       7.400001     0    -2       7.400001       3.762511     1    -1       2.058676       4.440336     0    -2       7.400001       6.566330
    -1    -2       4.223587       1.135912     0    -2       7.400001       5.486462    -2    -2      -2.500000       7.400001    -2    -2       7.400001      -2.500000    -2    -2       7.400001      -2.500000     1    -1       2.464052       4.906253    -2     0      -2.500000       7.400001    -2    -2       7.400001       7.400001     1    -1       2.028239       3.185213     0    -2       7.400001       1.965685
    -2    -2       7.400001      -2.500000    -2    -2       7.400001       7.400001    -2    -2       7.400001       7.400001    -2     0       4.690357       7.400001     0    -2       7.400001       3.278507    -2    -2      -2.500000       7.400001    -2    -2       7.400001      -2.500000    -2     0       5.337442       7.400001    -2    -2       7.400001       7.400001    -2     0       7.400001       7.400001
    -2    -2       1.545827       7.400001    -2    -2       7.400001      -2.500000    -2    -2       7.400001      -2.500000     0    -2       7.400001       3.846388    -2     0      -2.500000       7.400001    -2    -2      -2.500000       7.400001    -2    -2       7.400001       7.400001    -2    -2       7.400001      -2.500000    -2    -2       4.014679      -2.500000    -2    -2       7.400001       7.400001
     0     1       7.400001       2.767509    -2    -2      -2.500000       7.400001    -2    -2       1.391278       7.400001     0    -2       7.400001       1.542013    -2    -2       7.400001      -2.500000     1    -1       2.488237       3.905608     0     1       7.400001       2.407144     0    -2       7.400001       4.219047    -2     0       3.494427       7.400001     1     2       2.048503       2.615312
    -2     0       7.400001       7.400001    -2    -2       7.400001       7.400001    -2     0       7.400001       7.400001     0    -2       7.400001       1.624063    -2    -2       7.400001       7.400001    -2    -2       7.400001       7.400001    -2    -2       3.617121      -2.500000    -2    -2       1.979096       7.400001    -2    -2      -2.500000       7.400001     1    -1       2.770741       1.212388
    -2     0      -2.500000       7.400001    -2    -2       5.917854       7.400001    -2    -2       7.400001       7.400001     0    -2       7.400001       3.446203     0    -2       7.400001       3.778701    -2    -2       7.400001       7.400001    -2    -2       3.649606      -2.500000    -1    -2       4.323822       1.287748    -2    -2       3.271633      -2.500000    -2    -2      -2.500000      -2.500000
    -2     0      -2.500000       7.400001    -2     0       1.800722       7.400001     0    -2       7.400001       3.844624    -2    -2       1.719989       7.400001    -2    -2      -2.500000      -2.500000     1    -1       2.000087       2.925519     0    -2       7.400001       4.037508    -2    -2      -2.500000      -2.500000    -2    -2       1.694925      -2.500000     1     2       2.207431       2.108481
    -2     0      -2.500000       7.400001    -2    -2      -2.500000       7.400001    -2    -2      -2.500000       7.400001     0     1       7.400001       2.643556     0    -2       7.400001       1.352881    -2    -2       1.506243      -2.500000     0     1       7.400001       2.702002    -2    -2       7.400001       7.400001     0    -2       7.400001       2.913203     0    -2       7.400001       1.991009
    -2     0       4.046778       7.400001    -2     0       7.400001       7.400001    -2    -2       4.799894       7.400001    -2    -2       7.400001       7.400001    -2     0       7.400001       7.400001    -2    -2       7.400001       7.400001    -2    -2       7.400001       7.400001    -2    -2       7.400001      -2.500000    -2    -2       3.402848       7.400001    -2    -2       7.400001       7.400001
     0    -2       7.400001       1.984331    -2    -2       7.400001       7.400001    -2    -2      -2.500000       7.400001    -2    -2      -2.500000       7.400001     0    -2       7.400001       1.118232     0    -2       7.400001       6.382285    -2    -2      -2.500000       7.400001    -2     0       4.169114       7.400001    -2     0       3.841974       7.400001    -2    -2       1.436318       7.400001
    -2    -2       7.400001       7.400001    -2    -2       7.400001       7.400001    -2    -2       7.400001       7.400001    -2    -2       7.400001       7.400001    -2    -2      -2.500000       7.400001     0    -2       7.400001       3.848907    -2    -2       5.524399       7.400001    -2    -2       7.400001       7.400001    -2    -2       7.400001       7.400001    -2     0       7.400001       7.400001
    -2    -2       7.400001       7.400001    -2    -2       7.400001       7.400001    -2    -2       7.400001      -2.500000     1    -1       2.808232       4.495162    -2    -2      -2.500000       7.400001     1     2       2.155609       2.626791    -2     0       7.400001       7.400001     0    -2       7.400001       7.822073    -2    -2       7.400001       7.400001    -2    -2       5.061294      -2.500000
     0    -2       7.400001       3.939109     0    -2       7.400001       4.823422    -2    -2       7.400001       7.400001    -2    -2      -2.500000       7.400001    -2    -2      -2.500000       7.400001    -2     0      -2.500000       7.400001    -2    -2      -2.500000       7.400001    -2    -2      -2.500000       7.400001    -1     0       3.811212       2.686751    -1    -2       3.414935       1.545087
    -1    -2       5.100928       3.808350    -2    -2       7.400001       7.400001    -2    -2       4.068481       7.400001    -2    -2       1.727164       7.400001     2     3       2.210747       2.814190    -2    -2       4.060650      -2.500000    -2    -2       4.835764       7.400001     0    -2       7.400001       5.219945    -1    -2       1.988579       3.157660    -2    -2       3.572023      -2.500000
    -2    -2       7.400001       7.400001    -2    -2       7.400001       7.400001    -2     0       4.136494       7.400001    -2    -2       7.400001       7.400001    -2    -2       7.400001       7.400001    -2    -2       4.576192       7.400001    -2     0       7.400001       7.400001    -2    -2       7.400001       7.400001    -2    -2       7.400001       7.400001    -2    -2       7.400001      -2.500000
    -2    -2       7.400001       7.400001    -2    -2       7.400001       7.400001    -2    -2       6.236380       7.400001     0    -2       7.400001       4.096986    -2    -2      -2.500000       7.400001    -2    -2       7.400001       7.400001    -2     0       7.400001       7.400001    -2    -2       7.400001       7.400001    -2    -2       7.400001       7.400001    -2     0       7.400001       7.400001
    -2    -2       7.400001       7.400001    -2    -2       7.400001       7.400001    -2    -2       7.400001       7.400001    -2    -2      -2.500000       7.400001    -2    -2       0.719064       7.400001    -2    -2       7.400001       7.400001    -1    -2       5.112229       3.677688    -2    -2       7.400001       7.400001    -2     0       7.400001       7.400001    -2    -2       7.400001       7.400001
    -2    -2       7.400001       7.400001    -2    -2       7.400001       7.400001    -2     0       7.400001       7.400001    -2    -2      -2.500000       7.400001     0     1       7.400001       2.664186    -2    -2       7.400001      -2.500000    -2    -2       7.400001       7.400001     0    -2       7.400001       7.625488    -2    -2       7.400001       7.400001    -2    -2       7.400001       7.400001
    -2    -2       7.400001       7.400001    -2    -2       7.400001       7.400001    -2    -2       7.400001       7.400001    -2    -2      -2.500000       7.400001     0    -2       7.400001       3.690063    -2    -2       7.400001       7.400001    -2    -2       7.400001       7.400001     0    -2       7.400001       6.517992    -2    -2       7.400001       7.400001    -2     0       6.178202       7.400001
    -2    -2       7.400001      -2.500000    -2    -2      -2.500000       7.400001    -2    -2       7.400001       7.400001    -2    -2      -2.500000       7.400001    -2    -2      -2.500000       7.400001     0    -2       7.400001       4.291799    -2    -2       7.400001       7.400001    -2     0       7.400001       7.400001     0    -2       7.400001       3.736801    -2     0       7.400001       7.400001
    -2    -2       6.367020       7.400001    -2    -2       7.400001       7.400001    -2    -2       7.400001       7.400001    -2    -2       4.293118       7.400001     0    -2       7.400001       5.068794    -2    -2       7.400001       7.400001    -2    -2       7.400001       7.400001     0    -2       7.400001       3.280986    -2    -2       7.400001       7.400001    -2     0       7.400001       7.400001
    -2     0       7.400001       7.400001    -2    -2       7.400001       7.400001    -2    -2       3.894045       7.400001    -2    -2       7.400001      -2.500000    -2    -2       7.400001       7.400001     1    -1       2.303011       4.811590     0    -2       7.400001       1.998026    -2    -2       7.400001       7.400001     0    -2       7.400001       8.495392    -2    -2       7.400001       7.400001
    -2    -2      -2.500000       7.400001    -2    -2      -2.500000       7.400001     0    -2       7.400001       5.028635    -2    -2       7.400001       7.400001     1    -1       2.558998       4.623412    -2    -2       7.400001       7.400001     0    -2       7.400001       3.554288    -2    -2       2.941053       7.400001    -2    -2      -2.500000       7.400001    -2    -2       7.400001       7.400001
    -2     0       5.482734       7.400001    -2    -2       7.400001       7.400001    -2    -2       7.400001       7.400001    -2     0       3.408401       7.400001     1    -1       2.851849       3.974781    -2    -2       7.400001       7.400001    -2    -2       7.400001       7.400001    -2    -2       7.400001      -2.500000    -2    -2       1.476428       7.400001    -2    -2       7.400001      -2.500000
    -2     0       7.400001       7.400001    -2    -2       7.400001       7.400001    -2    -2       7.400001       7.400001    -2    -2       7.400001      -2.500000    -2    -2       7.400001       7.400001    -2    -2       4.490080       7.400001    -2    -2       7.400001      -2.500000    -2    -2       7.400001       7.400001    -2    -2       7.400001       7.400001    -1    -2       7.156173       1.176119
     0    -2       7.400001       3.023806     0    -2       7.400001       3.999298    -2    -2       7.400001       7.400001     1    -1       2.898131       2.953796    -2    -2      -2.500000       7.400001     0     1       7.400001       2.311127     0     1       7.400001       2.310147    -2    -2       7.400001       7.400001    -2    -2       7.400001       7.400001    -2     0       4.615492       7.400001
    -2    -2       7.400001       7.400001     0    -2       7.400001       4.826210    -2    -2       4.330134       7.400001    -2     0       3.779241       7.400001    -2     0      -2.500000       7.400001     1    -1       2.496314       3.710083    -2    -2       7.400001       7.400001    -2     0       3.559738       7.400001    -2    -2       3.033832       7.400001    -2    -2       7.400001       7.400001
    -2    -2       7.400001       7.400001    -2    -2       7.400001       7.400001    -2    -2       7.400001       7.400001    -2    -2       5.034326      -2.500000    -2     0       7.400001       7.400001    -2    -2       7.400001       7.400001    -2    -2       7.400001       7.400001    -2    -2       7.400001       7.400001     0    -2       7.400001       4.912496    -2    -2       5.689623       7.400001
    -2    -2       7.400001       7.400001     0    -1       2.134635       3.854160    -2    -2       7.400001       7.400001    -2     0       4.450299       7.400001    -2     0       7.400001       7.400001    -2     0       7.400001       7.400001    -2    -2       7.400001       7.400001    -2    -2       7.400001       7.400001    -1    -2       3.539886       3.791417    -2    -2       6.015561      -2.500000
    -2     0       7.400001       7.400001    -2    -2       7.400001      -2.500000     0    -2       7.400001       4.927119     0    -2       7.400001       3.626834    -2     0       1.930087       7.400001    -2     0       7.400001       7.400001    -2    -2       7.400001       7.400001     0     1       7.400001       2.897053    -2    -2      -2.500000       7.400001    -2    -2       7.400001      -2.500000
    -2    -2       7.400001       7.400001    -2    -2       3.681161       7.400001    -2    -2       7.400001       7.400001    -2    -2       7.400001       7.400001    -2    -2       7.400001       7.400001    -2    -2       7.400001       7.400001    -2    -2       7.400001       7.400001     0    -2       7.400001       3.335266    -2    -2       7.400001       7.400001    -2    -2       7.400001       7.400001
    -2    -2       7.400001      -2.500000     0    -2       7.400001       3.884848    -2    -2       4.304685       7.400001    -2     0       7.400001       7.400001    -2    -2       7.400001       7.400001    -2    -2      -2.500000       7.400001    -2     0       7.400001       7.400001     0    -2       7.400001       3.458057    -2    -2       1.753611       7.400001    -2    -2       4.096889       7.400001
    -2    -2       7.400001       7.400001    -2    -2       7.400001       7.400001    -2    -2       7.400001       7.400001    -2    -2       7.400001       7.400001    -2    -2       4.544944       7.400001    -2    -2       7.400001       7.400001     0    -2       7.400001       3.962310    -2    -2       7.400001       7.400001     0    -2       7.400001       8.076820     0    -2       7.400001       5.807086
    -2     0       7.400001       7.400001    -2    -2       5.261533       7.400001    -2    -2       7.400001       7.400001    -2    -2       7.400001       7.400001    -2    -2       7.400001       7.400001    -2    -2       7.400001       7.400001    -2    -2       7.400001       7.400001    -2    -2       7.400001       7.400001    -2    -2       7.400001       7.400001    -2    -2       7.400001       7.400001
    -2    -2       6.807260      -2.500000    -2    -2       4.590306       7.400001    -1    -2       5.120266       6.426430    -2    -2       7.400001      -2.500000    -2     0       4.048530       7.400001     0    -2       7.400001       6.921074    -2     0       7.400001       7.400001    -2     0       7.400001       7.400001     0    -2       7.400001       5.399043    -2     0       7.400001       7.400001
    -2    -2       3.820919      -2.500000    -2    -2       7.400001       7.400001     0    -2       7.400001       3.550436    -1     0       4.483451       2.058676    -2     0       3.695896       7.400001    -2    -2      -2.500000       7.400001     0    -2       7.400001       1.648294    -2    -2       7.400001       7.400001    -1    -2       1.155686       3.771386    -2    -2      -2.500000      -2.500000
    -2    -2       3.047871       7.400001    -2    -2       3.915879       7.400001    -2    -2       7.400001       7.400001    -2    -2       7.400001       7.400001     1    -1       2.715623       4.469462    -2    -2       7.400001       7.400001    -2    -2       7.400001       7.400001    -2    -2       3.358444       7.400001     0    -2       7.400001       3.682730    -2    -2       7.400001       7.400001
    -2    -2       7.400001       7.400001    -2    -2       7.400001       7.400001    -2    -2       7.400001       7.400001    -2     0       7.400001       7.400001    -2    -2       7.400001       7.400001    -2    -2       7.400001       7.400001    -2    -2       7.400001       7.400001    -2     0       3.352906       7.400001    -2    -2       3.228358       7.400001    -2    -2       7.400001      -2.500000
    -2     0       8.081140       7.400001    -2    -2       4.217724       7.400001    -2    -2       7.400001       7.400001    -1    -2       7.090207       1.895400    -2    -2       6.124692      -2.500000    -2     0       7.400001       7.400001    -2     0       7.400001       7.400001    -2    -2       4.212604       7.400001    -1    -2       2.986332       4.704592    -2    -2       7.400001       7.400001
    -2    -2       7.400001       7.400001    -2    -2       7.400001       7.400001    -2    -2       4.053509       7.400001    -2    -2       7.400001       7.400001    -1     0       4.634540       2.056722    -2    -2       7.400001       7.400001    -2    -2       7.400001       7.400001    -2    -2       7.400001       7.400001    -2    -2       7.400001       7.400001    -2    -2       4.029452       7.400001
    -2    -2       7.400001       7.400001    -2    -2       7.400001       7.400001    -2    -2       7.400001       7.400001     0    -2       7.400001       4.756554    -2    -2      -2.500000       7.400001    -2    -2       7.400001      -2.500000    -2    -2       7.400001       7.400001    -2    -2       7.400001       7.400001    -2    -2       7.400001       7.400001    -2     0       7.400001       7.400001
     0    -2       7.400001       4.631754    -2    -2      -2.500000       7.400001    -1     0       4.065823       2.783116    -2    -2       7.400001       7.400001    -2     0      -2.500000       7.400001    -2    -2      -2.500000      -2.500000     1     2       2.779448       2.749389     1    -1       2.188061       5.024538     0    -2       7.400001       3.670890    -2    -2       7.400001      -2.500000
    -2     0      -2.500000       7.400001     0    -2       7.400001       3.778139    -2    -2       7.400001       7.400001    -2    -2       3.634974      -2.500000    -2    -2      -2.500000      -2.500000     1    -1       2.577973       1.424131     0     1       7.400001       2.699217    -2    -2      -2.500000       7.400001     0    -2       7.400001       3.310490    -2     0       3.076749       7.400001
     0    -2       7.400001       1.310913    -2    -2       7.400001       7.400001    -2    -2       7.400001       7.400001    -2     0       1.932921       7.400001     0    -2       7.400001       1.816075    -2     0       3.059320       7.400001     0     1       7.400001       2.126654     0    -2       7.400001       3.933671    -2    -2       3.251910       7.400001    -2    -2      -2.500000       7.400001
    -2    -2       7.400001       7.400001     0    -1       2.355882       5.595526    -2    -2       3.321914       7.400001    -2    -2      -2.500000       7.400001     0    -2       7.400001       3.444232    -2    -2       3.214362      -2.500000     0    -2       7.400001       3.081866    -2    -2       1.585739       7.400001    -2    -2       7.400001       7.400001    -1    -2       3.171815       1.589564
     0    -2       7.400001       2.958109    -2    -2       7.400001       7.400001    -2    -2       7.400001      -2.500000    -2    -2       7.400001      -2.500000     0    -2       7.400001       3.412601    -2    -2       3.489029      -2.500000    -2    -2       7.400001      -2.500000    -2     0       7.400001       7.400001     0     1       7.400001       2.072895    -2    -2      -2.500000      -2.500000
    -2    -2       1.598179       7.400001    -2    -2       7.400001       7.400001    -2    -2       7.400001       7.400001    -2    -2       3.274317       7.400001    -2    -2       1.375584       7.400001    -2    -2       4.329643      -2.500000    -2     0       7.400001       7.400001    -2    -2      -2.500000       7.400001    -2    -2      -2.500000       7.400001     0     1       7.400001       2.056270
     0    -2       7.400001       4.939980     0    -2       7.400001       2.930898    -2    -2       7.400001       7.400001    -1    -2       2.936405       4.771840    -2    -2       1.896973       7.400001    -2    -2       7.400001      -2.500000    -2    -2       7.400001       7.400001     0    -2       7.400001       5.271935    -2    -2       3.032523       7.400001    -2    -2       3.604821       7.400001
    -2    -2       7.400001       7.400001     0     1       7.400001       2.552248    -2    -2       7.400001       7.400001     0     1       7.400001       2.344306    -2    -2       3.206228      -2.500000    -2    -2       7.400001      -2.500000    -2    -2       7.400001       7.400001     0    -2       7.400001       3.913915    -2     0       7.400001       7.400001    -2     0       7.400001       7.400001
     0     1       7.400001       2.451253    -2     0       7.400001       7.400001    -2     0       7.400001       7.400001     1     2       2.466286       2.124484     0    -2       7.400001       1.359703    -2     0       7.400001       7.400001     0    -2       7.400001       3.840592     1    -1       2.564762       3.691709    -2     0       3.129908       7.400001     0     1       7.400001       2.267901
    -2    -2       7.400001       7.400001    -2    -2       7.400001       7.400001    -2     0       7.400001       7.400001    -2     0       4.278691       7.400001    -1    -2       1.453851       5.239366    -1    -2       4.818696       3.929837    -2    -2       7.400001      -2.500000    -1    -2       6.480067       1.847180    -2    -2       3.808405       7.400001    -2    -2       7.400001      -2.500000
     1     2       2.186564       2.643523    -2    -2      -2.500000       7.400001    -2    -2       5.749648      -2.500000     0    -2       7.400001       1.358883    -2    -2      -2.500000       7.400001    -2     0       1.678864       7.400001    -2    -2       7.400001      -2.500000    -2    -2       1.846933       7.400001    -2    -2       3.281423       7.400001    -2    -2       7.400001      -2.500000
    -2    -2      -2.500000       7.400001    -2    -2      -2.500000       7.400001    -2    -2       3.337080       7.400001    -2    -2      -2.500000       7.400001    -2    -2      -2.500000       7.400001    -2     0      -2.500000       7.400001    -2    -2       7.400001       7.400001    -2    -2      -2.500000       7.400001    -2    -2      -2.500000       7.400001    -2     0      -2.500000       7.400001
    -2    -2       7.400001       7.400001    -2    -2       7.400001       7.400001    -2    -2       3.962310       7.400001     0    -2       7.400001       0.643312     0    -2       7.400001       3.482807    -1    -2       4.272392       3.116022    -2     0       7.400001       7.400001    -2    -2       7.400001      -2.500000    -2    -2       1.929824       7.400001    -2     0       7.400001       7.400001
    -2    -2       3.972197       7.400001     0    -2       7.400001       6.485425    -2    -2       7.400001       7.400001     0     1       7.400001       2.136196    -2    -2      -2.500000       7.400001     0    -2       7.400001       3.482806    -2    -2       7.400001      -2.500000    -2    -2       7.400001       7.400001    -2    -2       4.039831       7.400001    -2     0       5.259606       7.400001
    -2    -2       7.400001       7.400001    -2    -2       7.400001       7.400001    -2    -2       5.488271       7.400001    -2    -2      -2.500000       7.400001    -2    -2      -2.500000       7.400001    -2    -2       7.400001       7.400001    -2     0       7.400001       7.400001    -2    -2       7.400001       7.400001    -2    -2       7.400001       7.400001    -1    -2       4.042364       3.545883
    -2    -2       3.511498       7.400001    -2    -2       7.400001       7.400001    -2    -2       7.400001       7.400001     0     1       7.400001       2.772477    -2    -2      -2.500000       7.400001    -2    -2       7.400001       7.400001    -2    -2       7.400001       7.400001    -2    -2       7.400001      -2.500000     0     1       7.400001       2.497022     3    -1       2.305707       5.009964
    -2    -2       7.400001       7.400001    -2    -2       7.400001       7.400001    -2    -2       7.400001      -2.500000    -2    -2       3.477547      -2.500000     0    -2       7.400001       1.938820    -2    -2       4.193654      -2.500000    -2     0       6.513566       7.400001    -2    -2       4.428032       7.400001     0    -2       7.400001       3.020982    -2     0       7.400001       7.400001
     0    -2       7.400001       5.015786    -2    -2      -2.500000       7.400001    -2    -2       7.400001       7.400001    -2    -2      -2.500000       7.400001    -2    -2      -2.500000       7.400001     0     1       7.400001       2.058676    -2    -2       7.400001       7.400001     0    -2       7.400001       4.933619    -2     0       7.400001       7.400001    -2     0       7.400001       7.400001
    -2    -2       7.400001       7.400001    -2    -2       7.400001      -2.500000     0    -2       7.400001       3.668020    -2    -2      -2.500000       7.400001    -2    -2       1.424131       7.400001    -2    -2       7.400001       7.400001    -2    -2       7.400001       7.400001    -2    -2       7.400001       7.400001    -2    -2      -2.500000       7.400001    -2    -2       7.400001       7.400001
    -2    -2       7.400001      -2.500000    -2    -2       7.400001       7.400001    -2    -2       7.400001       7.400001    -2    -2       7.400001      -2.500000    -2     0       7.400001       7.400001    -2    -2       7.400001       7.400001    -2    -2       7.400001      -2.500000    -2    -2       4.026258      -2.500000     0    -2       7.400001       3.746306    -2    -2       7.400001      -2.500000
    -2    -2       4.040438      -2.500000    -2    -2       7.400001       7.400001    -2    -2       7.400001       7.400001    -2    -2       5.648418      -2.500000    -2    -2       7.400001      -2.500000     0    -2       7.400001       3.908875    -2    -2       7.400001      -2.500000    -2    -2       5.570200      -2.500000     1    -1       2.144504       4.942933    -2     0       1.759474       7.400001
     0    -2       7.400001       4.184849    -2    -2       7.400001       7.400001     0    -1       2.530251       3.820222    -2     0       7.400001       7.400001    -2    -2       7.400001       7.400001    -2    -2       7.400001       7.400001    -2    -2       7.400001       7.400001    -2    -2       7.400001       7.400001     0    -2       7.400001       6.695943     0    -2       7.400001       5.117996
    -2    -2       4.541395       7.400001    -2    -2       7.400001       7.400001    -2    -2       3.291716       7.400001    -2    -2       7.400001      -2.500000    -2    -2       7.400001       7.400001    -2    -2       7.400001       7.400001    -2     0       7.400001       7.400001    -2     0       6.238554       7.400001     0    -2       7.400001       5.169008    -2    -2       7.400001      -2.500000
    -2     0       7.400001       7.400001    -2    -2       7.400001       7.400001    -2    -2       7.400001       7.400001    -2    -2       7.400001      -2.500000     2    -1       2.545284       3.983129    -2    -2       4.123507       7.400001    -2    -2       5.195408      -2.500000    -2    -2       7.400001      -2.500000    -2    -2      -2.500000       7.400001    -2    -2       3.907879      -2.500000
     0     1       7.400001       2.402529    -2    -2       7.400001       7.400001     0    -2       7.400001       3.609384    -2     0       3.351509       7.400001    -2     0      -2.500000       7.400001     0    -2       7.400001       4.220488     0    -2       7.400001       1.311455    -2    -2       7.400001      -2.500000    -2    -2       7.400001       7.400001    -2    -2       7.400001       7.400001
    -2    -2       7.400001       7.400001    -2    -2       4.181550       7.400001     0    -2       7.400001       4.436242    -2    -2       7.400001       7.400001     0     1       7.400001       2.778241     0    -2       7.400001       3.399563     1    -1       2.699758       3.805113    -2    -2       7.400001      -2.500000     0     1       7.400001       2.759812    -2    -2       7.400001       7.400001
    -2    -2       7.400001      -2.500000     0    -2       7.400001       5.433253     0    -2       7.400001       4.800338    -2    -2       5.315154      -2.500000    -2     0       7.400001       7.400001    -2    -2      -2.500000       7.400001    -2    -2       3.420087      -2.500000    -2    -2       7.400001      -2.500000     0    -2       7.400001       3.181728    -2    -2       7.400001      -2.500000
     0    -2       7.400001       3.490310     0    -2       7.400001       3.964534    -2    -2       3.179196       7.400001    -2    -2       7.400001       7.400001    -2     0       7.400001       7.400001    -2    -2       7.400001       7.400001    -2    -2       7.400001      -2.500000    -2     0       7.400001       7.400001    -1    -2       4.047157       4.809359    -2    -2       7.400001       7.400001
    -2    -2       7.400001       7.400001    -2     0       7.400001       7.400001     0    -2       7.400001       4.338086     0    -2       7.400001       4.646387    -2     0       7.400001       7.400001    -2    -2       4.759391       7.400001     0    -2       7.400001       3.457409    -2     0       7.400001       7.400001    -2    -2       7.400001       7.400001    -2    -2       7.400001       7.400001
     0    -2       7.400001       6.047455    -2    -2       4.574718       7.400001    -2    -2       7.400001       7.400001     0    -2       7.400001       6.481275     0    -2       7.400001       4.751896    -2     0       7.400001       7.400001    -2    -2       7.400001       7.400001    -2    -2       7.400001       7.400001    -2     0       7.400001       7.400001    -2    -2       7.400001       7.400001
    -2    -2       7.400001       7.400001    -2    -2       4.535978       7.400001    -2     0       3.733475       7.400001    -1     0       4.161386       2.811530    -2    -2       7.400001       7.400001    -2     0      -2.500000       7.400001    -2    -2       7.400001       7.400001    -1    -2       4.265590       3.843747    -2    -2       3.110447       7.400001     3    -1       2.888958       1.933234
    -2    -2       7.400001       7.400001    -2    -2       5.481952       7.400001    -2     0       7.400001       7.400001    -2    -2       3.145046       7.400001    -2    -2       7.400001       7.400001    -2    -2       3.843446      -2.500000    -2    -2       7.400001       7.400001    -2    -2       7.400001       7.400001     1    -1       2.763675       3.892028    -2     0      -2.500000       7.400001
    -2    -2       7.400001       7.400001    -2    -2       7.400001       7.400001    -2    -2       7.400001       7.400001     0    -2       7.400001       4.667618    -1     0       3.412293       2.738263    -2     0       7.400001       7.400001    -2    -2       7.400001       7.400001    -2    -2       7.400001       7.400001    -2    -2       7.400001       7.400001     0    -2       7.400001       3.034627
    -1    -2       3.656648       4.378097    -2    -2       7.400001       7.400001    -2    -2       7.400001       7.400001    -2    -2       1.552124       7.400001     0    -2       7.400001       5.400262     0    -2       7.400001       3.403063     0     1       7.400001       2.705845    -2    -2      -2.500000       7.400001    -2    -2      -2.500000       7.400001     0    -2       7.400001       1.198147
    -2    -2       7.400001       7.400001    -2    -2       7.400001       7.400001     0     1       7.400001       2.687428    -2     0       7.400001       7.400001    -2    -2       7.400001       7.400001     1    -1       2.301808       3.796388    -1     0       2.956192       2.077185    -2     0       7.400001       7.400001    -2     0       1.882620       7.400001     0    -2       7.400001       1.831354
    -2    -2       7.400001       7.400001    -2    -2       7.400001       7.400001    -2    -2       7.400001       7.400001    -2    -2       3.059320       7.400001     0    -2       7.400001       4.853521    -2    -2       4.834470      -2.500000    -2    -2       7.400001       7.400001    -1    -2       3.294443       6.424735     0    -2       7.400001       3.736392    -2    -2       7.400001       7.400001
     0    -2       7.400001       5.752541    -2    -2       7.400001       7.400001    -2    -2       7.400001       7.400001    -2    -2       7.400001       7.400001     0    -2       7.400001       4.005324    -2    -2       7.400001      -2.500000    -2    -2       3.703808       7.400001     2    -1       2.074271       4.470761    -2    -2       7.400001       7.400001    -2    -2       7.400001       7.400001
    -2    -2       7.400001       7.400001    -2    -2       7.400001       7.400001    -2     0       7.400001       7.400001    -2    -2       7.400001       7.400001    -2    -2       4.179391       7.400001    -2    -2       3.904586       7.400001    -2     0       7.400001       7.400001     0    -2       7.400001       5.414261    -2    -2       7.400001       7.400001    -2     0       4.970572       7.400001
    -2    -2       7.400001       7.400001    -2    -2       7.400001       7.400001    -2    -2       7.400001       7.400001    -2    -2       7.400001       7.400001    -2    -2       7.400001      -2.500000    -2    -2       7.400001       7.400001    -1    -2       3.776137       4.089723    -2    -2       7.400001       7.400001    -2     0       7.400001       7.400001    -1    -2       3.116022       4.334695
       2.000000       1.500000
       2.000000       2.900000       0.000000       1.000000      50.000000      10.000000       0.000000FIGURE:
****************************************************************
    0001    00      
    00    00        
          0103    01
0000  00      01  00
    00          00  
    00              
    00      00      
        00        00
    0001  0000  00  
  00000000  00  01  
****************************************************************
            00    00
              00    
    00              
        00          
              000100
0200        00  00  
      00            
                    
        010100      
                    
****************************************************************
            00      
      00      00  00
        00          
01          01  0002
00  00              
00                  
0000              02
00    01    01      
0000    00          
              0000  
****************************************************************
                  00
          0200      
          00    00  
        03          
    00      00      
            00    00
                00  
    00  01          
                  00
              00  00
****************************************************************
                  00
00                  
                    
00    00            
00                  
          0101    00
      0000    00    
        00          
      000000        
00      0000  01    
****************************************************************
                    
      00    00      
                    
00                  
        00  0000  00
      0000          
                    
      00      00    
00        0000      
        00          
****************************************************************
                  00
    00  00  02      
00          01    00
      00  0001      
                    
              0001  
            00    01
                    
  01  01        0000
01000002  00    0001
****************************************************************
    0000            
02        00        
          00      00
            00    00
      01          00
            00      
      01        01  
            00    00
          01    0000
                    
****************************************************************
        00          
                  00
      00            
            0000    
00                  
01    0000          
        01      01  
        00          
        00    00    
  00    00    00    
****************************************************************
          00    00  
    0000  00        
    00            00
        0000        
            01      
    0100    000000  
                    
                    
    00      00    00
                00  
****************************************************************
